100000000000000000010000000000000100000000001000000000000000000000000000000000000000000000000000000
110000000001000000000000000000100000000100000000000000000000000000000000000000000000000000000000000
110000010000000000000010000000000000000000000000100000000000000000000000000000000000000000000000000
100110000000100000010000000000001000000000000000000000000000000000000000000000000000000000000000000
111000000000010010000000000000100000000000000000000000000000000000000000000000000000000000000000000
100010000000001000000000000000000000100000000000000000000000000000000000000000000000000000000000000
100000100000001000000000000000000000001000000000000000000000000000000000000000000000000000000000000
111000000010000000100000001000000000000000000010000000000000000000000000000000000000000000000000000
110000100000000100000001000000000000000000000010000000000000000000000000000000000000000000000000000
110000000010000000000010000000000000000000000010000000000000000000000000000000000000000000000000000
111000000000100000001000000000000001000000000000000000000000000000000000000000000000000000000000000
101000000100000000000000100000000100000000000000000000000000000000000000000000000000000000000000000
100000000000000100000100000000000000000000000100000000000000000000000000000000000000000000000000000
110000100000000000000000100001000000000000000000000000000000000000000000000000000000000000000000000
110001000000000100000000001000000000000000000000001000000000000000000000000000000000000000000000000
111000100000000100000000000000000000100000000010000000000000000000000000000000000000000000000000000
111000000000000010010000000000000000001000000000000001000000000000000000000000000000000000000000000
110100000000100000000000001000000000000001000000000000000000000000000000000000000000000000000000000
100000000001010000000001000000000000010000000000000000000000000000000000000000000000000000000000000
101000000001000000000000001000000100000000000000000000000000000000000000000000000000000000000000000
100000000110000000001000000000100000000000000000000000000000000000000000000000000000000000000000000
100010000100000000100000000001000000000000000000000000000000000000000000000000000000000000000000000
100000000000010000001000000010000000000000000100000000000000000000000000000000000000000000000000000
100000000100000000001000000000100000000010000000000000000000000000000000000000000000000000000000000
100001001000000000100010000010000000000010000000000000000000000000000000000000000000000000000000000
100000001000000000010000010000000000000001000000000000000000000000000000000000000000000000000000000
111100000000001000000000000000000001000010000000000000000000000000000000000000000000000000000000000
110000010000000010000000100000000001000000000000000000000000000000000000000000000000000000000000000
110010000010000000001000010000000000000000000010000000000000000000000000000000000000000000000000000
100001000000000100000000000100000000100000000100000000000000000000000000000000000000000000000000000
100000000000010000000010000000000000010000000001000000000000000000000000000000000000000000000000000
100100010000100000000010000000001000000000001000000000000000000000000000000000000000000000000000000
100010000000010000000100000000000100001000000000000000000000000000000000000000000000000000000000000
110100000000001000000100000000000001000001000000000000000000000000000000000000000000000000000000000
100000001001000000000000000100001000000100000000000000000000000000000000000000000000000000000000000
110100000001000000001000001000000000000000000001000000000000000000000000000000000000000000000000000
100000000000010000000001000010000000010000000000000000000000000000000000000000000000000000000000000
111000000000100000000010000100000000100000000000000000000000000000000000000000000000000000000000000
100010000000000010000000000010000000010000000000000000000000000000000000000000000000000000000000000
100100000000000000101000001000000010000000000000000000000000000000000000000000000000000000000000000
101100001000000000100001000000010000000000000000000000000000000000000000000000000000000000000000000
110000101000000001000000010000001000000000000000000000000000000000000000000000000000000000000000000
110000000100010000000010100000000010000000000000000000000000000000000000000000000000000000000000000
100100000100000010000001000000100000000000000000000000000000000000000000000000000000000000000000000
110000000000010100000000100000000000010000000000000000000000000000000000000000000000000000000000000
110000000000000010000010000000010000000000000000000000000000000000000000000000000000000000000000000
110000000100000010000000001000100000000000000000000000000000000000000000000000000000000000000000000
100000000000000100100000010001000000000000000000000000000000000000000000000000000000000000000000000
110000000001000001000001000000100000000000000000000000000000000000000000000000000000000000000000000
100001010000000010000010000000000000100000000000000000000000000000000000000000000000000000000000000
110000001000000000000010000000010000000000000000000000000000000000000000000000000000000000000000000
100100001000000100000000000010000100000000000000000000000000000000000000000000000000000000000000000
110000001000000000000010000000000000100000000000000000000000000000000000000000000000000000000000000
110010001000000010000010000000000000001000000000000000000000000000000000000000000000000000000000000
100000000010000000100000100001000000000000000000000000000000000000000000000000000000000000000000000
100000000100000000000001000000100000000000000000000000000000000000000000000000000000000000000000000
100000000100000000100001000000000010000000000000000000000000000000000000000000000000000000000000000
110000000101000000000000010000000100000000000000000000000000000000000000000000000000000000000000000
100010010000000001100000010000000000000000001000000000000000000000000000000000000000000000000000000
110100000100000010000000000000000000010100000000000000000000000000000000000000000000000000000000000
100001000000000000001001000000000000001000000000000000000000000000000000000000000000000000000000000
100010000000010000001000000010000001000000000000000000000000000000000000000000000000000000000000000
111010000000100000000000101000001000000000000000000000000000000000000000000000000000000000000000000
100000001000000001001000000100000100000000000000000000000000000000000000000000000000000000000000000
110100000000000101000000000100000001000000000000000000000000000000000000000000000000000000000000000
110001000000100000000000101000000000000001000000000000000000000000000000000000000000000000000000000
111001100010000000000000100000000000000100001000000000000000000000000000000000000000000000000000000
100110000000010000000000010010000000000000000010000000000000000000000000000000000000000000000000000
100000100000010000010000000000001000000001000000000000000000000000000000000000000000000000000000000
110010000000000000000101000000100000000000000000010000000000000000000000000000000000000000000000000
100101000010100000001000000000000010000000000000000100000000000000000000000000000000000000000000000
110000100000000010000000000010000010000000000010000000000000000000000000000000000000000000000000000
100100100000001000000001000000000010000000000000000000000000000000000000000000000000000000000000000
100000011000000000100000000100000100000000000000000000000000000000000000000000000000000000000000000
100100010000000000000000001100000000100000000000000000000000000000000000000000000000000000000000000
100000000000000000010000001000000000000010000000000000000000000000000000000000000000000000000000000
101100000000000110000000000010000000000000001000000000000000000000000000000000000000000000000000000
110000000010000000001000000100000000000010000000000000000000000000000000000000000000000000000000000
110000010000100000000100000000000001000000000010000000000000000000000000000000000000000000000000000
111000000000000000010000000000000100000000000000000000000000000000000000000000000000000000000000000
101000000000000000010000000000001000000000000000000000000000000000000000000000000000000000000000000
101000001000100000001000000000000000001000000000000000000000000000000000000000000000000000000000000
110001000010010000000100000000000000000000001000000000000000000000000000000000000000000000000000000
101101000000001000000000000000000000000010000000000000000000000000000000000000000000000000000000000
101000000100010001000000000010000000000000001000000000000000000000000000000000000000000000000000000
101000001000001000000000000100000000000000010000000000000000000000000000000000000000000000000000000
110001000000000100000000000000000010000000000000010000000000000000000000000000000000000000000000000
100000100000000000000000010000000010000000000000000000000000000000000000000000000000000000000000000
110000010010000001000000000000000010000000000000000000000000000000000000000000000000000000000000000
101001000100000000000000100000000000000000000001000000000000000000000000000000000000000000000000000
100000000100000000001000000000000000100000000000000000000000000000000000000000000000000000000000000
101001000000100000000000000001000000000100000000000000000000000000000000000000000000000000000000000
100010000000100000000000001000000000000000000000000001000000000000000000000000000000000000000000000
110101000000000010000000000010000000000000000000001000000000000000000000000000000000000000000000000
100101000000000000000010000000000001000000000000000000000000000000000000000000000000000000000000000
100110000000000010000000000001000000000000000000000000000000000000000000000000000000000000000000000
110000100000000001000000000000010000000000000000000000000000000000000000000000000000000000000000000
100000100000000000000000000000001100000000000000000000000000000000000000000000000000000000000000000
111000000010000000001000000000000000000000000100000000000000000000000000000000000000000000000000000
