100000000000000000010000000000000100000000001000001000000000000000000100000000000000000000010010011
110000000001000000000000000000100000000100000000000000000001000000000000000000001000000000100010001
110000010000000000000010000000000000000000000000100000000000000010100000000000000000000000010000011
100110000000100000010000000000001000000000000000000000000000000000010000000000010000000000000010011
111000000000010010000000000000100000000000000000000000000000000000000100000001000000000000000010011
100010000000001000000000000000000000100000000000000000000000000001000000000000000100000000000000101
100000100000001000000000000000000000001000000000000000000000000000000000100000000000001000010010001
111000000010000000100000001000000000000000000010000010000000000000000010000000000000000010000000111
110000100000000100000001000000000000000000000010000010000000000000000000000100000000000001000000011
110000000010000000000010000000000000000000000010000000000000010000000000000000010010000000000000101
111000000000100000001000000000000001000000000000000000000000000000100000000000010000000010000001001
101000000100000000000000100000000100000000000000000000000000000000100000000000010000000000001000011
100000000000000100000100000000000000000000000100000000000000000000000010000000000001000000000000101
110000100000000000000000100001000000000000000000000000000000000000000000100000000000100000001000001
110001000000000100000000001000000000000000000000001010000000000000000001000000000010000000001010011
111000100000000100000000000000000000100000000010000100000000000000000000000100000000100100000000011
111000000000000010010000000000000000001000000000000001000000000000000000000100000000000000000000111
110100000000100000000000001000000000000001000000000000010000000000000000000010000000000110000100011
100000000001010000000001000000000000010000000000000000000000000100000000000000100000000110100000011
101000000001000000000000001000000100000000000000000000000000000000001100000000000000000010000000001
100000000110000000001000000000100000000000000000000000000000000000100000000000000100000010100001101
100010000100000000100000000001000000000000000000000000000000000000100000000000010000000000101000001
100000000000010000001000000010000000000000000100000000100000000000000010000000100000100000001001001
100000000100000000001000000000100000000010000000000000000010000000000000010000010000000000000000001
100001001000000000100010000010000000000010000000000000010000000000000000001000000100001000000010001
100000001000000000010000010000000000000001000000000000000100000000000000001000000010100000000000011
111100000000001000000000000000000001000010000000000000000000000010010000000000000100000000010000001
110000010000000010000000100000000001000000000000000000000000000010000000000001000000010000001010001
110010000010000000001000010000000000000000000010000000000000000000001000000001000001000000000100111
100001000000000100000000000100000000100000000100000000100000000001000000000001000000000100000100001
100000000000010000000010000000000000010000000001000000001000010000001000000000000000010100000000101
100100010000100000000010000000001000000000001000000000010100000000000000001000000000000011100000001
100010000000010000000100000000000100001000000000000100000000001000000000000000010000000000000010101
110100000000001000000100000000000001000001000000100000000000000000000000011000010000000000000000011
100000001001000000000000000100001000000100000000000000000000010000010000000000000100000000100000111
110100000001000000001000001000000000000000000001000000000000000001000000001000010000000000100100011
100000000000010000000001000010000000010000000000000000000000001000000000100000000010000010000000001
111000000000100000000010000100000000100000000000000000000000000010000000001000010000000000100000001
100010000000000010000000000010000000010000000000000000000000001000000010000000000001000100000000011
100100000000000000101000001000000010000000000000000000000000000000010000000000000001000000010010101
101100001000000000100001000000010000000000000000000000000000000000001000000010000000100000001000011
110000101000000001000000010000001000000000000000000000000000000000100000010000000000100000001000101
110000000100010000000010100000000010000000000000000000000000000000000010000001000010000000000000111
100100000100000010000001000000100000000000000000000000000100000000000000000010000010000000001000001
110000000000010100000000100000000000010000000000000000000000000000110000000000000000100000000010101
110000000000000010000010000000010000000000000000000000000000000000000010000000000000100001000100001
110000000100000010000000001000100000000000000000000000000000000000000011100000000000000000000110101
100000000000000100100000010001000000000000000000000000000000000000000010000001000000100000000100001
110000000001000001000001000000100000000000000000000000000000010000000000001000000100000010000011001
100001010000000010000010000000000000100000000000000000000000000000000010100000000000010000001000011
110000001000000000000010000000010000000000000000000000000000000000000100000001000000110000000010011
100100001000000100000000000010000100000000000000000000000000000000100000000100000001000000000000001
110000001000000000000010000000000000100000000000000000000000000011000000001000000000000000101000001
110010001000000010000010000000000000001000000000000000000000000010000000100001000000000001000000001
100000000010000000100000100001000000000000000000000000000000000000000101000000000000000000010001101
100000000100000000000001000000100000000000000000000000000000000000000010010000000000100010000100101
100000000100000000100001000000000010000000000000000000000000000001000000000000110000000000001101001
110000000101000000000000010000000100000000000000000000000000000000000010000001000010000010001100101
100010010000000001100000010000000000000000001000000000000000000000001000000001000000100000000001011
110100000100000010000000000000000000010100000000000000000000000000010000001000000001000001000000011
100001000000000000001001000000000000001000000000000000000000000000010000001000000001000010000100101
100010000000010000001000000010000001000000000000000000000000000000100000000100000100000000100100001
111010000000100000000000101000001000000000000000000000000000000000100000000100000001000000010000011
100000001000000001001000000100000100000000000000000000000000000000010000000000000001000000010000001
110100000000000101000000000100000001000000000000000000000010000000000000000101000000000000100101001
110001000000100000000000101000000000000001000000000000000000000010000000001000000000000001000000001
111001100010000000000000100000000000000100001000000000000000000100000001000000001000000010100000011
100110000000010000000000010010000000000000000010000000000000000100000100010000000000000001001000001
100000100000010000010000000000001000000001000000000000000100000000000010010000000000000100100000001
110010000000000000000101000000100000000000000000010000100000000000000100000000000000000100100001001
100101000010100000001000000000000010000000000000000100001000000000000000000000100100000000000000101
110000100000000010000000000010000010000000000010000000010000000000001100000000000001001000000000001
100100100000001000000001000000000010000000000000000000000000000000100000000000100000001000000010011
100000011000000000100000000100000100000000000000000000000000000100000000000100000000100000100001001
100100010000000000000000001100000000100000000000000000000000000100000000001000000100000000001000001
100000000000000000010000001000000000000010000000000000000000000100010000000000001000000000000000111
101100000000000110000000000010000000000000001000000010000000000000000001000000000001000000001000001
110000000010000000001000000100000000000010000000000000000100000000000000010000000001000001001001011
110000010000100000000100000000000001000000000010000010000000000010000000000000001000000000000000001
111000000000000000010000000000000100000000000000000000000001000000000000000000010000000000010011011
101000000000000000010000000000001000000000000000000000000000000010000000100000000000000001000001001
101000001000100000001000000000000000001000000000000000010000000000000000100000000000000001000011001
110001000010010000000100000000000000000000001000000000000000001000000000000000100000000100000000011
101101000000001000000000000000000000000010000000000000001000000000000001000000000000100000001001001
101000000100010001000000000010000000000000001000000000000010000010000000000000000000000101010010001
101000001000001000000000000100000000000000010000000000000100000000000000000100000000000000100001001
110001000000000100000000000000000010000000000000010000000000000001000000000000000000010000000011001
100000100000000000000000010000000010000000000000000000000000000000000001000000000000100000010000011
110000010010000001000000000000000010000000000000000000000000100000000000000001000000000001000001001
101001000100000000000000100000000000000000000001000000000000000000100000000000100000000000001000011
100000000100000000001000000000000000100000000000100000000000000000000000000000100000010000000000001
101001000000100000000000000001000000000100000000000000000000010000000000000001000000000100000000001
100010000000100000000000001000000000000000000000000001001000000000000000000100000001000000000010001
110101000000000010000000000010000000000000000000001001000000000000000000000100000000000010000000101
100101000000000000000010000000000001000000000000000000000000000000000000100000001000000000000000011
100110000000000010000000000001000000000000000000000000000000000000000000100000000000100000000100001
110000100000000001000000000000010000000000000000000000000000000000100000000000000000100000000010011
100000100000000000000000000000001100000000000000000000000000000010000000000000000001000000000100011
111000000010000000001000000000000000000000000100000000000000000100000000000000100000000001000000101
