222222222222222222222222222222222222222222222222222222222222222222222222222222222222222222222222222
120002002202200000202002002200202002022220220020000000222202022000002020220022022000002202100010001
110000020000002220000020020000020000220020000000200020022020202220200002000202000200220002010000211
100112000000100022022000000202002202020000000002000020000000000000020000000022010000000020002020222
111000000000022022000002000200220000002020200000020000000000000000000200002201200000200002000210011
100020000000002000200200200000000000200000000000000002000000000002000000000000000200002000002002202
100000200020001000000000020000000000001002000000000000000000000000000002200000000022202000010010001
111200000010000000100200002000000002000000000020020020000000020000000020000000200000000020000000111
110000100200000200000002020000000020000000000010000010000000000000000000000200000000000002000000021
120200000020020000002020000000000002000000000012000000200000020000000000000022020010000000000000101
112000000000200000002000000000000002000000200000000002000000000000202000000000210000000010000001001
101000002200000000000000200020000220000000000000200000000200000000100000002000010000020200022000011
200000000000000102000200000000000000000000000200000200000000200002000020000000000001000000000000101
110000200002000000000000100022200000200000002000000000000002000000000000200000000000200200001000002
110002000000000202200000002000020000002002000000002020020000000220022002000000000220000000001010011
111000120000000100000000000000000000120200000022000200000020002000000200020200000000100100000000011
111000000000000010020000000000000000001000000000000002000000002000000000002100000000000000000000211
110200000000202000000000001020002000000002000200020000020000000000000000000020000000000210000100011
100000000001020000000002000000000000022000020000200000202222000200000000000000200000000110100000011
102000000002000000000000001200000200000000002000000000000000002002022100000000000002002020200200022
100000000120000000002000220000200000200000000000000000000000000000200000000000002200000010100001101
100020000200000000200020000002020000000000000000000000000000200000100000000000020000000000201000001
220000000000010000001000000020000000000020020200000000200000000000000020000002100000100000001001001
100000000100000000001000000000102020000022200020000000000020020000000002020000010000000000000002001
100001002000000000100010000010000000000010002000002000020000000000000000002000000100001000000020001
100000002000000000020000020000000000000201000002000000000200000000000000001000000020100000000000011
111100000000002000000000000200000002000010000000000000000000000020010000000000000100000000020000001
110000020000000020000000200000000002000000000000000000002000020010000000000022000000020000002010001
110010000010000000001000010000000000000000000010000220000000200000002000000001000002000002000200111
100002000000000200000000000200000000220000000220020000200000000202000000000201002000000200000100001
100000000000020000000020002000000000012000000002000000022000010000001000000000000000010100000000101
100100010000200000000010000000002200000000002000200002010100000000000200001000000000200021100000001
100020000000010000000200000000000100002000220000000200000002002000000000000000020000000000000020101
110200000000001000000100000000000001000002000000100000000000000000020200021000010000000000000002021
100000001002000002000000000100001020000200000000000000000002020000010000000000000200002000200000211
110100000001000000002002002020000000000000000001000000000200200002200000002000010000000000100100011
100000000000010000000001000010020000020000000000000000000000002000000020200000200020000010000000002
112000000000100000000010000200000000200000000000002020000000000020000000001000010000000000100000001
100010000000000020200000000010200000010000000000000000000000001000000010000000000002000100000000011
100100000000000000101000001000000020000000000000000000000000000000020000000000000001000000020010101
101100002000000000100002020000022000000000000000000002000000000000002000000020002000200000002000011
110000201220000002000000010000001000000020000000020000000000000000200000010000000000100000001000101
110000000100010000000010200000000010000000020000000000000020000000000020000202000010000000000000111
100100000100000010000001000000200000000000000000000000000100000000000002000010000010000000001000001
120000000000010200000000100000000000010000000000000000000000000200110000000000000000100000000010101
110000000000000010000010000000010000000000000000000000000000000000000010000000000000100002000100001
110000000100000010000000001002100002000000000000000000000000000000000011100000000000000000000210101
200000000000000100100000010002000200000000000000000000000000000000000210000001000000100000000100001
110000000001000001000001000000100000000000000000000000000000010000000000001000000100000010000011001
100001020000000010020020000000000000100000000000000000000000000000000010100000000000020000001000011
110000001000000000000010000000010000000000000000000000000000000000000100000001000000110000000010011
100100001000000100000000000010000100000000000000000000000000000000100000000100000001000000000000001
110000001000000000000010000000000000100000000000000000000000000011000000001000000000000000101000001
110010001000000010000010000000000000001000000000000000000000000010000000100001000000000001000000001
100000000010000000100000100001000000000000000000000000000000000000000101000000000000000000010001101
100000000100000000000001000000100000000000000000000000000000000000000010010000000000100010000100101
100000000100000000100001000000000010000000000000000000000000000001000000000000210000000000001101001
110000000101000000000000010000000100000000000000000000000000000000000010000001000010000010001100101
100010010000000001100000010000000000000000001000000000000000000000001000000001000000100000000001011
110100000100000010000000000000000000010100000000000000000000000000010000001000000001000001000000011
100001000000000000001001000000000000001000000000000000000000000000010000001000000001000010000100101
100010000000010000001000000010000001000000000000000000000000000000100000000100000100000000100100001
111010000000100000000000101000001000000000000000000000000000000000100000000100000001000000010000011
100000001000000001001000000100000100000000000000000000000000000000010000000000000001000000010000001
110100000000000101000000000100000001000000000000000000000010000000000000000101000000000000100101001
110001000000100000000000101000000000000001000000000000000000000010000000001000000000000001000000001
111001100010000000000000100000000000000100001000000000000000000100000001000000001000000010100000011
100110000000010000000000010010000000000000000010000000000000000100000100010000000000000001001000001
100000100000010000010000000000001000000001000000000000000100000000000010010000000000000100100000001
110010000000000000000101000000100000000000000000010000100000000000000100000000000000000100100001001
100101000010100000001000000000000010000000000000000100001000000000000000000000100100000000000000101
110000100000000010000000000010000010000000000010000000010000000000001100000000000001001000000000001
100100100000001000000001000000000010000000000000000000000000000000100000000000100000001000000010011
100000011000000000100000000100000100000000000000000000000000000100000000000100000000100000100001001
100100010000000000000000001100000000100000000000000000000000000100000000001000000100000000001000001
100000000000000000010000001000000000000010000000000000000000000100010000000000001000000000000000111
101100000000000110000000000010000000000000001000000010000000000000000001000000000001000000001000001
110000000010000000001000000100000000000010000000000000000100000000000000010000000001000001001001011
110000010000100000000100000000000001000000000010000010000000000010000000000000001000000000000000001
111000000000000000010000000000000100000000000000000000000001000000000000000000010000000000010011011
101000000000000000010000000000001000000000000000000000000000000010000000100000000000000001000001001
101000001000100000001000000000000000001000000000000000010000000000000000100000000000000001000011001
110001000010010000000100000000000000000000001000000000000000001000000000000000100000000100000000011
101101000000001000000000000000000000000010000000000000001000000000000001000000000000100000001001001
101000000100010001000000000010000000000000001000000000000010000010000000000000000000000101010010001
101000001000001000000000000100000000000000010000000000000100000000000000000100000000000000100001001
110001000000000100000000000000000010000000000000010000000000000001000000000000000000010000000011001
100000100000000000000000010000000010000000000000000000000000000000000001000000000000100000010000011
110000010010000001000000000000000010000000000000000000000000100000000000000001000000000001000001001
101001000100000000000000100000000000000000000001000000000000000000100000000000100000000000001000011
100000000100000000001000000000000000100000000000100000000000000000000000000000100000010000000000001
101001000000100000000000000001000000000100000000000000000000010000000000000001000000000100000000001
100010000000100000000000001000000000000000000000000001001000000000000000000100000001000000000010001
110101000000000010000000000010000000000000000000001001000000000000000000000100000000000010000000101
100101000000000000000010000000000001000000000000000000000000000000000000100000001000000000000000011
100110000000000010000000000001000000000000000000000000000000000000000000100000000000100000000100001
110000100000000001000000000000010000000000000000000000000000000000100000000000000000100000000010011
100000100000000000000000000000001100000000000000000000000000000010000000000000000001000000000100011
111000000010000000001000000000000000000000000100000000000000000100000000000000100000000001000000101
